Profile 1;Profile 1;Profile 2;Profile 2;Profile 3;Profile 3;Profile 4;Profile 4;Profile 5;Profile 5;
x;y;x;y;x;y;x;y;x;y;
[m];[m];[m];[m];[m];[m];[m];[m];[m];[m];
0;3.3075223e-010;0;2.7675136e-010;0;1.1386504e-010;0;5.0015691e-010;0;3.1996364e-010;
1.1112716e-010;3.3040412e-010;1.1175879e-010;2.6216694e-010;1.114373e-010;1.8241054e-010;1.1137356e-010;5.7622399e-010;1.1144355e-010;3.1315138e-010;
2.2225433e-010;3.3527702e-010;2.2351758e-010;2.5310946e-010;2.2287459e-010;2.5920901e-010;2.2274712e-010;6.2951002e-010;2.2288709e-010;3.1611138e-010;
3.3338149e-010;3.390876e-010;3.3527637e-010;2.4836257e-010;3.3431189e-010;3.2755505e-010;3.3412069e-010;6.5620894e-010;3.3433064e-010;3.2256444e-010;
4.4450865e-010;3.3868399e-010;4.4703516e-010;2.4923008e-010;4.4574919e-010;3.7258051e-010;4.4549425e-010;6.7025972e-010;4.4577419e-010;3.2411677e-010;
5.5563582e-010;3.3982775e-010;5.5879395e-010;2.5007543e-010;5.5718649e-010;3.9167302e-010;5.5686781e-010;6.7635935e-010;5.5721773e-010;3.1497321e-010;
6.6676298e-010;3.4436233e-010;6.7055273e-010;2.6675627e-010;6.6862378e-010;3.8827828e-010;6.6824137e-010;6.7391495e-010;6.6866128e-010;2.8682492e-010;
7.7789014e-010;3.4933252e-010;7.8231152e-010;2.9191019e-010;7.8006108e-010;3.758184e-010;7.7961494e-010;6.5701518e-010;7.8010483e-010;2.5687358e-010;
8.8901731e-010;3.5459513e-010;8.9407031e-010;3.3029656e-010;8.9149838e-010;3.5405042e-010;8.909885e-010;6.2342087e-010;8.9154837e-010;2.2865398e-010;
1.0001445e-009;3.5175999e-010;1.0058291e-009;3.7363031e-010;1.0029357e-009;3.2111723e-010;1.0023621e-009;5.8853327e-010;1.0029919e-009;2.1088001e-010;
1.1112716e-009;3.4712145e-010;1.1175879e-009;4.1282994e-010;1.114373e-009;2.7126169e-010;1.1137356e-009;5.6405871e-010;1.1144355e-009;2.0787012e-010;
1.2223988e-009;3.4622754e-010;1.2293467e-009;4.3005202e-010;1.2258103e-009;2.2247831e-010;1.2251092e-009;5.5914732e-010;1.225879e-009;2.3291606e-010;
1.333526e-009;3.537064e-010;1.3411055e-009;4.2454179e-010;1.3372476e-009;1.886616e-010;1.3364827e-009;5.5925731e-010;1.3373226e-009;2.7441356e-010;
1.4446531e-009;3.7079197e-010;1.4528643e-009;3.9867635e-010;1.4486849e-009;1.8906865e-010;1.4478563e-009;5.5423621e-010;1.4487661e-009;3.2303941e-010;
1.5557803e-009;3.8751517e-010;1.564623e-009;3.641141e-010;1.5601222e-009;2.19075e-010;1.5592299e-009;5.304615e-010;1.5602097e-009;3.6355623e-010;
1.6669074e-009;3.9811902e-010;1.6763818e-009;3.299748e-010;1.6715595e-009;2.6529027e-010;1.6706034e-009;4.9218043e-010;1.6716532e-009;3.8752222e-010;
1.7780346e-009;3.9536504e-010;1.7881406e-009;3.1884468e-010;1.7829968e-009;3.0616321e-010;1.781977e-009;4.5084095e-010;1.7830967e-009;3.9464004e-010;
1.8891618e-009;3.8144269e-010;1.8998994e-009;3.2398787e-010;1.894434e-009;3.2714279e-010;1.8933506e-009;4.1946059e-010;1.8945403e-009;4.0185578e-010;
2.0002889e-009;3.6689334e-010;2.0116582e-009;3.4090911e-010;2.0058713e-009;3.3564385e-010;2.0047241e-009;3.9854624e-010;2.0059838e-009;4.1953019e-010;
2.1114161e-009;3.5276034e-010;2.123417e-009;3.5620877e-010;2.1173086e-009;3.382449e-010;2.1160977e-009;3.8533233e-010;2.1174274e-009;4.4727683e-010;
2.2225433e-009;3.4487393e-010;2.2351758e-009;3.5712711e-010;2.2287459e-009;3.4386753e-010;2.2274712e-009;3.6153405e-010;2.2288709e-009;4.6956865e-010;
2.3336704e-009;3.433731e-010;2.3469346e-009;3.3260975e-010;2.3401832e-009;3.4108406e-010;2.3388448e-009;3.2574573e-010;2.3403145e-009;4.6459955e-010;
2.4447976e-009;3.4312449e-010;2.4586934e-009;3.0099461e-010;2.4516205e-009;3.3343368e-010;2.4502184e-009;2.8159978e-010;2.451758e-009;4.4429779e-010;
2.5559248e-009;3.4822622e-010;2.5704521e-009;2.7251887e-010;2.5630578e-009;3.1151289e-010;2.5615919e-009;2.3982663e-010;2.5632016e-009;4.2227505e-010;
2.6670519e-009;3.6667091e-010;2.6822109e-009;2.5543978e-010;2.6744951e-009;2.8175676e-010;2.6729655e-009;2.1484333e-010;2.6746451e-009;4.1815258e-010;
2.7781791e-009;3.9622101e-010;2.7939697e-009;2.4822553e-010;2.7859324e-009;2.5387605e-010;2.7843391e-009;2.1367839e-010;2.7860887e-009;4.4270479e-010;
2.8893062e-009;4.297517e-010;2.9057285e-009;2.4282685e-010;2.8973697e-009;2.4115571e-010;2.8957126e-009;2.3546037e-010;2.8975322e-009;4.7512313e-010;
3.0004334e-009;4.5831607e-010;3.0174873e-009;2.3812951e-010;3.008807e-009;2.577865e-010;3.0070862e-009;2.7319165e-010;3.0089758e-009;4.9625507e-010;
3.1115606e-009;4.5600353e-010;3.1292461e-009;2.3784704e-010;3.1202443e-009;3.0256861e-010;3.1184597e-009;3.2224129e-010;3.1204193e-009;4.9641991e-010;
3.2226877e-009;4.302937e-010;3.2410049e-009;2.4682234e-010;3.2316816e-009;3.6840346e-010;3.2298333e-009;3.7911322e-010;3.2318629e-009;4.7534676e-010;
3.3338149e-009;3.8956033e-010;3.3527637e-009;2.6274996e-010;3.3431189e-009;4.317636e-010;3.3412069e-009;4.3407775e-010;3.3433064e-009;4.5641993e-010;
3.4449421e-009;3.4593254e-010;3.4645225e-009;2.6958017e-010;3.4545562e-009;4.6150282e-010;3.4525804e-009;4.8083451e-010;3.45475e-009;4.5316969e-010;
3.5560692e-009;3.0805305e-010;3.5762813e-009;2.5672795e-010;3.5659935e-009;4.6851157e-010;3.563954e-009;5.0410384e-010;3.5661935e-009;4.606332e-010;
3.6671964e-009;2.8270424e-010;3.68804e-009;2.305782e-010;3.6774308e-009;4.7166435e-010;3.6753276e-009;5.0620061e-010;3.677637e-009;4.6561861e-010;
3.7783235e-009;2.6817503e-010;3.7997988e-009;2.0050665e-010;3.7888681e-009;5.0164629e-010;3.7867011e-009;4.9513909e-010;3.7890806e-009;4.508043e-010;
3.8894507e-009;2.6864165e-010;3.9115576e-009;1.7880348e-010;3.9003054e-009;5.8160597e-010;3.8980747e-009;4.8643392e-010;3.9005241e-009;4.1305591e-010;
4.0005779e-009;3.0258294e-010;4.0233164e-009;1.8487856e-010;4.0117427e-009;6.9798172e-010;4.0094482e-009;4.9334836e-010;4.0119677e-009;3.6902005e-010;
4.111705e-009;3.6489874e-010;4.1350752e-009;2.0236212e-010;4.12318e-009;8.0465264e-010;4.1208218e-009;5.2548784e-010;4.1234112e-009;3.3300569e-010;
4.2228322e-009;4.4404528e-010;4.246834e-009;2.3133233e-010;4.2346173e-009;8.756113e-010;4.2321954e-009;5.8442907e-010;4.2348548e-009;3.1352786e-010;
4.3339594e-009;5.1770097e-010;4.3585928e-009;2.9018355e-010;4.3460546e-009;9.1549596e-010;4.3435689e-009;6.7677111e-010;4.3462983e-009;3.1641161e-010;
4.4450865e-009;5.6490209e-010;4.4703516e-009;3.8381889e-010;4.4574919e-009;9.4686066e-010;4.4549425e-009;8.0906775e-010;4.4577419e-009;3.3765317e-010;
4.5562137e-009;5.9773995e-010;4.5821104e-009;5.3821918e-010;4.5689292e-009;1.0086049e-009;4.5663161e-009;9.8585961e-010;4.5691854e-009;3.6007419e-010;
4.6673409e-009;6.416159e-010;4.6938691e-009;6.987371e-010;4.6803665e-009;1.097548e-009;4.6776896e-009;1.1887869e-009;4.680629e-009;3.8279123e-010;
4.778468e-009;7.2588324e-010;4.8056279e-009;8.4051751e-010;4.7918038e-009;1.1899622e-009;4.7890632e-009;1.3887386e-009;4.7920725e-009;4.0819874e-010;
4.8895952e-009;8.4808108e-010;4.9173867e-009;9.4294187e-010;4.9032411e-009;1.248371e-009;4.9004367e-009;1.5607517e-009;4.9035161e-009;4.4376606e-010;
5.0007223e-009;9.8166268e-010;5.0291455e-009;1.0124836e-009;5.0146784e-009;1.2457097e-009;5.0118103e-009;1.6930384e-009;5.0149596e-009;4.8224841e-010;
5.1118495e-009;1.0890104e-009;5.1409043e-009;1.0782377e-009;5.1261157e-009;1.2031652e-009;5.1231839e-009;1.7909794e-009;5.1264032e-009;5.206362e-010;
5.2229767e-009;1.1522756e-009;5.2526631e-009;1.1637308e-009;5.237553e-009;1.1556803e-009;5.2345574e-009;1.8769604e-009;5.2378467e-009;5.5030662e-010;
5.3341038e-009;1.1809739e-009;5.3644219e-009;1.2716921e-009;5.3489903e-009;1.1465992e-009;5.345931e-009;1.9500942e-009;5.3492902e-009;5.6767456e-010;
5.445231e-009;1.2085231e-009;5.4761807e-009;1.3835611e-009;5.4604276e-009;1.1764257e-009;5.4573046e-009;2.0067168e-009;5.4607338e-009;5.8084798e-010;
5.5563582e-009;1.2543189e-009;5.5879395e-009;1.4843352e-009;5.5718649e-009;1.2455824e-009;5.5686781e-009;2.0364002e-009;5.5721773e-009;6.2317784e-010;
5.6674853e-009;1.3410161e-009;5.6996982e-009;1.5790168e-009;5.6833021e-009;1.3277766e-009;5.6800517e-009;2.0531575e-009;5.6836209e-009;7.0536564e-010;
5.7786125e-009;1.4549609e-009;5.811457e-009;1.6762647e-009;5.7947394e-009;1.3873252e-009;5.7914252e-009;2.0786136e-009;5.7950644e-009;8.3091206e-010;
5.8897396e-009;1.5779971e-009;5.9232158e-009;1.7801624e-009;5.9061767e-009;1.4411215e-009;5.9027988e-009;2.1321461e-009;5.906508e-009;9.9640488e-010;
6.0008668e-009;1.6990614e-009;6.0349746e-009;1.8888656e-009;6.017614e-009;1.4906565e-009;6.0141724e-009;2.2147496e-009;6.0179515e-009;1.1931428e-009;
6.111994e-009;1.7976739e-009;6.1467334e-009;1.9883171e-009;6.1290513e-009;1.5631606e-009;6.1255459e-009;2.3018793e-009;6.1293951e-009;1.400037e-009;
6.2231211e-009;1.8602118e-009;6.2584922e-009;2.0610266e-009;6.2404886e-009;1.6762466e-009;6.2369195e-009;2.3611284e-009;6.2408386e-009;1.6051472e-009;
6.3342483e-009;1.8835126e-009;6.370251e-009;2.1194142e-009;6.3519259e-009;1.7987981e-009;6.3482931e-009;2.3825857e-009;6.3522822e-009;1.8009801e-009;
6.4453755e-009;1.8828229e-009;6.4820098e-009;2.1704014e-009;6.4633632e-009;1.9242986e-009;6.4596666e-009;2.3779317e-009;6.4637257e-009;1.9766528e-009;
6.5565026e-009;1.8828147e-009;6.5937686e-009;2.2219333e-009;6.5748005e-009;2.0311965e-009;6.5710402e-009;2.3773066e-009;6.5751693e-009;2.1105143e-009;
6.6676298e-009;1.9185493e-009;6.7055273e-009;2.2756292e-009;6.6862378e-009;2.1184198e-009;6.6824137e-009;2.3864498e-009;6.6866128e-009;2.2168923e-009;
6.778757e-009;1.9890173e-009;6.8172861e-009;2.3239241e-009;6.7976751e-009;2.1988383e-009;6.7937873e-009;2.4224965e-009;6.7980564e-009;2.3080848e-009;
6.8898841e-009;2.0818943e-009;6.9290449e-009;2.3625606e-009;6.9091124e-009;2.2823671e-009;6.9051609e-009;2.4744123e-009;6.9094999e-009;2.3878778e-009;
7.0010113e-009;2.1754374e-009;7.0408037e-009;2.3945264e-009;7.0205497e-009;2.3849233e-009;7.0165344e-009;2.5401647e-009;7.0209434e-009;2.4595481e-009;
7.1121384e-009;2.2490726e-009;7.1525625e-009;2.4200098e-009;7.131987e-009;2.4948412e-009;7.127908e-009;2.6090141e-009;7.132387e-009;2.514876e-009;
7.2232656e-009;2.3089318e-009;7.2643213e-009;2.4410208e-009;7.2434243e-009;2.6060108e-009;7.2392816e-009;2.6724162e-009;7.2438305e-009;2.5584313e-009;
7.3343928e-009;2.3669511e-009;7.3760801e-009;2.4561948e-009;7.3548616e-009;2.6998096e-009;7.3506551e-009;2.7237839e-009;7.3552741e-009;2.5927388e-009;
7.4455199e-009;2.4387066e-009;7.4878389e-009;2.4767811e-009;7.4662989e-009;2.7609436e-009;7.4620287e-009;2.7620561e-009;7.4667176e-009;2.6293008e-009;
7.5566471e-009;2.51914e-009;7.5995977e-009;2.5027952e-009;7.5777362e-009;2.7924242e-009;7.5734022e-009;2.7846698e-009;7.5781612e-009;2.6674861e-009;
7.6677743e-009;2.6013337e-009;7.7113564e-009;2.5386281e-009;7.6891735e-009;2.7924275e-009;7.6847758e-009;2.7954555e-009;7.6896047e-009;2.687979e-009;
7.7789014e-009;2.6681032e-009;7.8231152e-009;2.5842268e-009;7.8006108e-009;2.7714183e-009;7.7961494e-009;2.7934198e-009;7.8010483e-009;2.6873238e-009;
7.8900286e-009;2.7105044e-009;7.934874e-009;2.6391176e-009;7.9120481e-009;2.7474297e-009;7.9075229e-009;2.7832518e-009;7.9124918e-009;2.6736775e-009;
8.0011558e-009;2.7386848e-009;8.0466328e-009;2.6860026e-009;8.0234854e-009;2.7287818e-009;8.0188965e-009;2.768376e-009;8.0239354e-009;2.6623525e-009;
8.1122829e-009;2.757211e-009;8.1583916e-009;2.7094095e-009;8.1349227e-009;2.7058221e-009;8.1302701e-009;2.7545085e-009;8.1353789e-009;2.6685585e-009;
8.2234101e-009;2.7716745e-009;8.2701504e-009;2.6956077e-009;8.24636e-009;2.6708496e-009;8.2416436e-009;2.7469568e-009;8.2468225e-009;2.6906163e-009;
8.3345372e-009;2.7830082e-009;8.3819092e-009;2.6362912e-009;8.3577973e-009;2.6090499e-009;8.3530172e-009;2.74371e-009;8.358266e-009;2.7092714e-009;
8.4456644e-009;2.7886741e-009;8.493668e-009;2.520145e-009;8.4692346e-009;2.528745e-009;8.4643907e-009;2.7408051e-009;8.4697096e-009;2.7047527e-009;
8.5567916e-009;2.7858373e-009;8.6054268e-009;2.4001e-009;8.5806719e-009;2.45271e-009;8.5757643e-009;2.7296893e-009;8.5811531e-009;2.6750119e-009;
8.6679187e-009;2.7636691e-009;8.7171855e-009;2.3069554e-009;8.6921092e-009;2.3976364e-009;8.6871379e-009;2.7071573e-009;8.6925967e-009;2.6328732e-009;
8.7790459e-009;2.727115e-009;8.8289443e-009;2.2633789e-009;8.8035465e-009;2.3621274e-009;8.7985114e-009;2.6639875e-009;8.8040402e-009;2.5996675e-009;
8.8901731e-009;2.6855256e-009;8.9407031e-009;2.2673083e-009;8.9149838e-009;2.346822e-009;8.909885e-009;2.6011756e-009;8.9154837e-009;2.5797341e-009;
9.0013002e-009;2.6348308e-009;9.0524619e-009;2.3151535e-009;9.0264211e-009;2.3343533e-009;9.0212586e-009;2.5175532e-009;9.0269273e-009;2.5707268e-009;
9.1124274e-009;2.6024096e-009;9.1642207e-009;2.3527466e-009;9.1378584e-009;2.3091286e-009;9.1326321e-009;2.4219351e-009;9.1383708e-009;2.5777115e-009;
9.2235545e-009;2.5816102e-009;9.2759795e-009;2.3651284e-009;9.2492957e-009;2.2757964e-009;9.2440057e-009;2.3348729e-009;9.2498144e-009;2.5980635e-009;
9.3346817e-009;2.5699289e-009;9.3877383e-009;2.3487327e-009;9.360733e-009;2.2392538e-009;9.3553792e-009;2.2759006e-009;9.3612579e-009;2.6242187e-009;
9.4458089e-009;2.5602753e-009;9.4994971e-009;2.3069797e-009;9.4721702e-009;2.1983589e-009;9.4667528e-009;2.2447375e-009;9.4727015e-009;2.633535e-009;
9.556936e-009;2.5369993e-009;9.6112559e-009;2.2498644e-009;9.5836075e-009;2.1428433e-009;9.5781264e-009;2.2329995e-009;9.584145e-009;2.6063899e-009;
9.6680632e-009;2.5010756e-009;9.7230146e-009;2.1755723e-009;9.6950448e-009;2.068235e-009;9.6894999e-009;2.2200865e-009;9.6955886e-009;2.5256944e-009;
9.7791904e-009;2.4498564e-009;9.8347734e-009;2.0879587e-009;9.8064821e-009;1.9764269e-009;9.8008735e-009;2.1954771e-009;9.8070321e-009;2.4096387e-009;
9.8903175e-009;2.385244e-009;9.9465322e-009;1.9886993e-009;9.9179194e-009;1.8728258e-009;9.9122471e-009;2.1589656e-009;9.9184757e-009;2.2961086e-009;
1.0001445e-008;2.3038987e-009;1.0058291e-008;1.8747879e-009;1.0029357e-008;1.7644025e-009;1.0023621e-008;2.1192002e-009;1.0029919e-008;2.2264686e-009;
1.0112572e-008;2.2135885e-009;1.017005e-008;1.7452015e-009;1.0140794e-008;1.6565659e-009;1.0134994e-008;2.0808907e-009;1.0141363e-008;2.2025414e-009;
1.0223699e-008;2.1180546e-009;1.0281809e-008;1.594824e-009;1.0252231e-008;1.546916e-009;1.0246368e-008;2.0367168e-009;1.0252806e-008;2.2053154e-009;
1.0334826e-008;2.0251566e-009;1.0393567e-008;1.4305975e-009;1.0363669e-008;1.4299387e-009;1.0357741e-008;1.978003e-009;1.036425e-008;2.2057194e-009;
1.0445953e-008;1.9325069e-009;1.0505326e-008;1.2637012e-009;1.0475106e-008;1.2984585e-009;1.0469115e-008;1.9048819e-009;1.0475693e-008;2.1639946e-009;
1.0557081e-008;1.8427231e-009;1.0617085e-008;1.1099965e-009;1.0586543e-008;1.1639012e-009;1.0580488e-008;1.8231269e-009;1.0587137e-008;2.0914108e-009;
1.0668208e-008;1.7417711e-009;1.0728844e-008;1.0092494e-009;1.0697981e-008;1.0401234e-009;1.0691862e-008;1.7453665e-009;1.069858e-008;1.9919351e-009;
1.0779335e-008;1.624478e-009;1.0840603e-008;9.3444713e-010;1.0809418e-008;9.3222417e-010;1.0803236e-008;1.6764814e-009;1.0810024e-008;1.8739232e-009;
1.0890462e-008;1.4861723e-009;1.0952361e-008;8.7010425e-010;1.0920855e-008;8.4788788e-010;1.0914609e-008;1.6115703e-009;1.0921468e-008;1.7524353e-009;
1.1001589e-008;1.3387404e-009;1.106412e-008;7.9799744e-010;1.1032292e-008;7.7121779e-010;1.1025983e-008;1.5527252e-009;1.1032911e-008;1.638155e-009;
1.1112716e-008;1.1933497e-009;1.1175879e-008;7.0923484e-010;1.114373e-008;6.9456344e-010;1.1137356e-008;1.4986738e-009;1.1144355e-008;1.5370405e-009;
1.1223843e-008;1.0577533e-009;1.1287638e-008;6.2595636e-010;1.1255167e-008;6.0718176e-010;1.124873e-008;1.4563197e-009;1.1255798e-008;1.4458157e-009;
1.1334971e-008;9.3465097e-010;1.1399396e-008;5.6645918e-010;1.1366604e-008;5.2049074e-010;1.1360103e-008;1.4237578e-009;1.1367242e-008;1.357477e-009;
1.1446098e-008;8.1390624e-010;1.1511155e-008;5.4225798e-010;1.1478042e-008;4.4741036e-010;1.1471477e-008;1.3808842e-009;1.1478685e-008;1.2735891e-009;
1.1557225e-008;6.9444802e-010;1.1622914e-008;5.3915418e-010;1.1589479e-008;3.9729903e-010;1.158285e-008;1.3092857e-009;1.1590129e-008;1.1969642e-009;
1.1668352e-008;5.9084994e-010;1.1734673e-008;5.3889296e-010;1.1700916e-008;3.877926e-010;1.1694224e-008;1.2055738e-009;1.1701572e-008;1.1406853e-009;
1.1779479e-008;5.1376942e-010;1.1846432e-008;5.1291275e-010;1.1812353e-008;3.9609676e-010;1.1805598e-008;1.0759488e-009;1.1813016e-008;1.1040183e-009;
1.1890606e-008;4.6778593e-010;1.195819e-008;4.7089177e-010;1.1923791e-008;4.0410383e-010;1.1916971e-008;9.3686313e-010;1.192446e-008;1.0737154e-009;
1.2001734e-008;4.4584523e-010;1.2069949e-008;4.2495294e-010;1.2035228e-008;4.0434632e-010;1.2028345e-008;8.0368037e-010;1.2035903e-008;1.0312802e-009;
1.2112861e-008;4.269628e-010;1.2181708e-008;3.9083321e-010;1.2146665e-008;3.944171e-010;1.2139718e-008;6.7548715e-010;1.2147347e-008;9.6841497e-010;
1.2223988e-008;3.8887016e-010;1.2293467e-008;3.7193687e-010;1.2258103e-008;3.8362863e-010;1.2251092e-008;5.5596577e-010;1.225879e-008;8.9917266e-010;
1.2335115e-008;3.3193779e-010;1.2405226e-008;3.6867932e-010;1.236954e-008;3.76899e-010;1.2362465e-008;4.5610276e-010;1.2370234e-008;8.3692049e-010;
1.2446242e-008;2.671429e-010;1.2516984e-008;3.6598987e-010;1.2480977e-008;3.7427749e-010;1.2473839e-008;3.8637252e-010;1.2481677e-008;7.8662899e-010;
1.2557369e-008;2.1516654e-010;1.2628743e-008;3.5920304e-010;1.2592415e-008;3.7011218e-010;1.2585213e-008;3.5120369e-010;1.2593121e-008;7.3709302e-010;
1.2668497e-008;1.9086388e-010;1.2740502e-008;3.4891614e-010;1.2703852e-008;3.5585568e-010;1.2696586e-008;3.3981231e-010;1.2704564e-008;6.6050171e-010;
1.2779624e-008;1.8529492e-010;1.2852261e-008;3.3703216e-010;1.2815289e-008;3.2955188e-010;1.280796e-008;3.2809891e-010;1.2816008e-008;5.6091613e-010;
1.2890751e-008;1.901552e-010;1.296402e-008;3.3054991e-010;1.2926726e-008;3.0740834e-010;1.2919333e-008;3.0606431e-010;1.2927451e-008;4.5161585e-010;
1.3001878e-008;1.9403326e-010;1.3075778e-008;3.2619526e-010;1.3038164e-008;2.9874136e-010;1.3030707e-008;2.6371587e-010;1.3038895e-008;3.6334121e-010;
1.3113005e-008;1.9350604e-010;1.3187537e-008;3.267401e-010;1.3149601e-008;3.0777038e-010;1.314208e-008;2.2758743e-010;1.3150339e-008;3.144839e-010;
1.3224132e-008;1.9534338e-010;1.3299296e-008;3.323526e-010;1.3261038e-008;3.3887149e-010;1.3253454e-008;2.1786398e-010;1.3261782e-008;3.0269727e-010;
1.333526e-008;2.0357358e-010;1.3411055e-008;3.3635572e-010;1.3372476e-008;3.8200537e-010;1.3364827e-008;2.3381827e-010;1.3373226e-008;3.0974826e-010;
1.3446387e-008;2.1991628e-010;1.3522813e-008;3.380808e-010;1.3483913e-008;4.2291872e-010;1.3476201e-008;2.6890923e-010;1.3484669e-008;3.2070802e-010;
1.3557514e-008;2.3655226e-010;1.3634572e-008;3.2839351e-010;1.359535e-008;4.5805246e-010;1.3587575e-008;3.0300363e-010;1.3596113e-008;3.3507669e-010;
1.3668641e-008;2.4620963e-010;1.3746331e-008;3.109564e-010;1.3706788e-008;4.86253e-010;1.3698948e-008;3.2343981e-010;1.3707556e-008;3.4236887e-010;
1.3779768e-008;2.495993e-010;1.385809e-008;2.8780398e-010;1.3818225e-008;5.0731221e-010;1.3810322e-008;3.24265e-010;1.3819e-008;3.3943153e-010;
1.3890895e-008;2.5091838e-010;1.3969849e-008;2.6335629e-010;1.3929662e-008;5.1520879e-010;1.3921695e-008;3.0006656e-010;1.3930443e-008;3.165666e-010;
1.4002023e-008;2.5626586e-010;1.4081607e-008;2.4179094e-010;1.4041099e-008;5.1164212e-010;1.4033069e-008;2.5240243e-010;1.4041887e-008;2.7114628e-010;
1.411315e-008;2.7088766e-010;1.4193366e-008;2.2318706e-010;1.4152537e-008;4.9369476e-010;1.4144442e-008;1.9263542e-010;1.415333e-008;2.2107599e-010;
1.4224277e-008;2.9185315e-010;1.4305125e-008;2.1169791e-010;1.4263974e-008;4.6054813e-010;;;1.4264774e-008;1.8960187e-010;
1.4335404e-008;3.1682585e-010;1.4416884e-008;2.1021723e-010;1.4375411e-008;4.2055876e-010;;;1.4376218e-008;1.9278036e-010;
1.4446531e-008;3.4398475e-010;1.4528643e-008;2.1744615e-010;1.4486849e-008;3.8173826e-010;;;1.4487661e-008;2.2346074e-010;
1.4557658e-008;3.6869974e-010;1.4640401e-008;2.3407861e-010;1.4598286e-008;3.5680429e-010;;;1.4599105e-008;2.6595564e-010;
1.4668786e-008;3.8837755e-010;1.475216e-008;2.4950061e-010;1.4709723e-008;3.4795032e-010;;;1.4710548e-008;2.9949372e-010;
1.4779913e-008;3.9688913e-010;1.4863919e-008;2.6032165e-010;1.4821161e-008;3.5652538e-010;;;1.4821992e-008;3.0981863e-010;
1.489104e-008;3.9345755e-010;1.4975678e-008;2.7193284e-010;1.4932598e-008;3.7769024e-010;;;1.4933435e-008;3.0471295e-010;
1.5002167e-008;3.8278499e-010;1.5087437e-008;2.8633293e-010;1.5044035e-008;4.0978117e-010;;;1.5044879e-008;2.9764448e-010;
1.5113294e-008;3.7195189e-010;1.5199195e-008;3.1367829e-010;1.5155472e-008;4.3686212e-010;;;1.5156322e-008;2.98598e-010;
1.5224421e-008;3.6327819e-010;1.5310954e-008;3.4042717e-010;1.526691e-008;4.5773403e-010;;;1.5267766e-008;3.1969042e-010;
1.5335549e-008;3.6311851e-010;1.5422713e-008;3.6192332e-010;1.5378347e-008;4.670913e-010;;;1.5379209e-008;3.5079041e-010;
1.5446676e-008;3.6628615e-010;1.5534472e-008;3.7054949e-010;1.5489784e-008;4.6257028e-010;;;1.5490653e-008;3.8387064e-010;
1.5557803e-008;3.5991095e-010;1.564623e-008;3.6632608e-010;;;;;1.5602097e-008;4.0358722e-010;
1.566893e-008;3.480245e-010;;;;;;;1.571354e-008;4.0382337e-010;
1.5780057e-008;3.3531556e-010;;;;;;;;;
1.5891184e-008;3.3191771e-010;;;;;;;;;
1.6002312e-008;3.3700626e-010;;;;;;;;;
1.6113439e-008;3.4417133e-010;;;;;;;;;
1.6224566e-008;3.4583735e-010;;;;;;;;;
1.6335693e-008;3.3593803e-010;;;;;;;;;
1.644682e-008;3.2313499e-010;;;;;;;;;
1.6557947e-008;3.1929746e-010;;;;;;;;;
1.6669074e-008;3.2651757e-010;;;;;;;;;
1.6780202e-008;3.406191e-010;;;;;;;;;
